変数: 28個, 制約式: 10個
処理時間: 268 ms
1 1 1 0 0 0 0 0 1 0 0 0 0 1 1 1 1 1 1 1 1 1 1 0 1 1 1 1 
12400

変数: 39個, 制約式: 5個
処理時間: 5748 ms
1 1 0 1 0 1 0 1 1 0 1 0 1 0 1 1 1 1 1 1 0 0 1 0 1 0 1 1 1 0 1 1 0 1 1 1 1 1 1 
10618

変数: 28個, 制約式: 10個
処理時間: 286 ms
1 1 1 0 0 0 0 0 1 0 0 0 0 1 1 1 1 1 1 1 1 1 1 0 1 1 1 1 
12400

変数: 39個, 制約式: 5個
処理時間: 5684 ms
1 1 0 1 0 1 0 1 1 0 1 0 1 0 1 1 1 1 1 1 0 0 1 0 1 0 1 1 1 0 1 1 0 1 1 1 1 1 1 
10618

変数: 39個, 制約式: 5個
処理時間: 2211 ms
1 1 0 1 0 1 0 1 1 0 1 0 1 0 1 1 1 1 1 1 0 0 1 0 1 0 1 1 1 0 1 1 0 1 1 1 1 1 1 
10618

変数: 39個, 制約式: 5個
処理時間: 2430 ms
1 1 0 1 0 1 0 1 1 0 1 0 1 0 1 1 1 1 1 1 0 0 1 0 1 0 1 1 1 0 1 1 0 1 1 1 1 1 1 
10618

変数: 50個, 制約式: 5個
処理時間: 32894 ms
0 0 0 1 0 1 0 1 1 0 1 1 1 0 1 1 1 0 1 1 0 0 1 0 1 1 1 1 1 0 1 1 0 1 1 1 1 1 1 1 1 1 1 1 8.32667e-17 0 1 1 1 1 
16537

変数: 81個, 制約式: 1個
処理時間: 201056 ms
0 0 0 1 1 1 1 1 1 1 1 1 1 1 1 1 1 1 1 1 1 1 1 1 1 1 1 1 1 1 1 1 1 1 1 1 1 1 1 1 1 1 1 1 1 1 1 1 1 0 1 1 1 1 1 0 1 0 1 1 1 0 1 1 1 0 1 1 1 1 0 1 0 1 1 1 0 1 1 1 0 
19619

