変数: 6個, 制約式: 10個
処理時間: 0 ms
0 1 1 0 0 1 
3800

変数: 10個, 制約式: 10個
処理時間: 0 ms
0 1 0 1 1 0 0 1 0 1 
8706.1

変数: 15個, 制約式: 10個
処理時間: 17 ms
1 1 0 1 0 1 1 0 1 1 0 0 0 1 1 
4015

変数: 20個, 制約式: 10個
処理時間: 12 ms
1 0 0 0 0 0 0 0 0 1 1.56125e-17 0 0 1 1 1 1 1 1 1 
6120

変数: 28個, 制約式: 10個
処理時間: 101 ms
1 1 1 0 0 0 0 0 1 0 0 0 0 1 1 1 1 1 1 1 1 1 1 0 1 1 1 1 
12400

変数: 39個, 制約式: 5個
処理時間: 2008 ms
1 1 0 1 0 1 0 1 1 0 1 0 1 0 1 1 1 1 1 1 0 0 1 0 1 0 1 1 1 0 1 1 0 1 1 1 1 1 1 
10618

変数: 50個, 制約式: 5個
処理時間: 32204 ms
0 0 0 1 0 1 0 1 1 0 1 1 1 0 1 1 1 0 1 1 0 0 1 0 1 1 1 1 1 0 1 1 0 1 1 1 1 1 1 1 1 1 1 1 8.32667e-17 0 1 1 1 1 
16537

変数: 50個, 制約式: 1個
処理時間: 11666 ms
1 0 1 1 0 1 1 1 1 0 1 0 1 1 1 1 1 0 1 0 0 1.66533e-16 1 0 1 1 1 0 1 1 1 1 0 0 1 0 1 0 1 1 1 1 1 1 1 0 1 1 1 1 
17038

